goog <- c(100,101,102,103,104)
msft <- c(200, 201,202,203,204)



